0.265132628000000 0.022498937000000
0.263923519000000 0.020881557000000
0.261489145000000 0.021233084000000
0.359008186000000 0.013486646000000





2.346419296000000 0.066554547000000
2.033792330000000 0.058305553000000
2.005258024000000 0.056709574000000
1.769351917000000 0.048118979000000





15.461604657000001 0.347218445000000
14.468492461000000 0.324509291000000
14.207923539999999 0.317632676000000
11.730813248999999 0.277306774000000





151.564896865000009 3.360753596000000
148.040380494000004 3.302228314000000
117.517108791000013 2.653139846000000





198207.569098738982575 4160.104737950000526
1623.086138601000130 36.312408219000005
1551.249254878999864 34.833701400000002
1202.626729390000037 27.542889606000003










