0.017541624000000 0.032794098000000 19 461
0.022582855000000 0.029048401000000 27 453
0.031163478000000 0.046797385000000 29 451
0.018760734000000 0.025490936000000 16 464





0.190681331000000 0.221527494000000 328 4472
0.240896801000000 0.265292525000000 332 4468
0.304969099000000 0.347992261000000 318 4482
0.192702429000000 0.227925953000000 315 4485





1.625500794000000 1.656825109000000 2721 45279
2.104539993000000 2.130989857000000 2757 45243
2.977860863000000 3.018292542000000 2395 45605
1.781516118000000 1.827873333000000 2743 45257





13.864589666000001 14.187573272000002 29947 450053
24.264522126000003 24.458718417000000 30586 449414
36.428388430000005 36.660944824000005 29622 450378
19.704111026000000 19.924910861000001 30631 449369





782.089383296000051 818.031652924000014 304471 4495529
235.176435495000021 236.956112859000001 306630 4493370
396.685938926000006 399.108921008000038 305076 4494924
192.541523671000022 196.558147816000002 306449 4493551





7593.964738631000728 7645.877926650000518 2997287 45002713
2217.543540185999973 2227.423134348000076 3002333 44997667
3597.026561541000319 3607.447161811000115 2995958 45004042
1708.230161503000090 1719.490811465000206 3007942 44992058





