0.009859024000000 0.000588510000000 32 448
0.031094545000000 0.000783674000000 38 442
0.014138699000000 0.000708396000000 36 444
0.021277521000000 0.000601149000000 91 489





0.054143278000000 0.001763141000000 354 4446
0.168181367000000 0.004902153000000 353 4447
0.093602167000000 0.001641338000000 364 4436
0.103723608000000 0.001981921000000 948 4852





0.295449593000000 0.012357297000000 3124 44876
0.411310662000000 0.010825971000000 3022 44978
0.318486174000000 0.011443589000000 3046 44954
0.315492866000000 0.020410740000000 3464 45536





2.838268647000000 0.172677473000000 30600 449400
3.088031217000000 0.163922732000000 30521 449479
2.816294566000000 0.152762794000000 30634 449366
2.961797053000000 0.144877235000000 36521 453479





116.291818769000002 2.244087083000000 306898 4493102
30.938445224000002 2.249825904000000 306102 4493898
28.628196900000003 2.076546148000000 305946 4494054
26.524481065000003 2.360482837000000 370341 4529659





1206.678756387000021 44.534067185000005 3006252 44993748
277.868136711000034 56.429977645000001 3007071 44992929
270.817693784000028 30.357214549000002 3004635 44995365
278.044492840000032 41.288198049000002 3068319 45031681





