0.005284081000000 0.000390270000000 33 447
0.008372695000000 0.000712687000000 35 445
0.008206715000000 0.000485351000000 28 452
0.006715395000000 0.000493019000000 32 448





0.043780362000000 0.001637158000000 338 4462
0.045415384000000 0.001314472000000 314 4486
0.040191812000000 0.001485955000000 329 4471
0.037470907000000 0.001487785000000 340 4460





0.302229262000000 0.009941848000000 3071 44929
0.304371677000000 0.009854992000000 3099 44901
0.302338974000000 0.010055614000000 3105 44895
0.251403779000000 0.009916949000000 3058 44942





